11681 387
11682 33
11682 289
11682 796
11682 819
11683 505
11683 624
11684 422
11685 249
11688 88
11688 109
11688 219
11689 487
11689 554
11692 636
11693 216
11694 896
11696 152
11696 153
11696 303
11696 787
11698 128
11698 235
11699 419
11699 486
11764 266
11764 422
11764 568
11764 946
11765 790
11766 591
11766 945
11769 756
11769 770
11769 868
11771 861
11772 502
11772 527
11772 804
11772 958
11772 959
11773 344
11773 466
11780 95
11784 175
11784 329
11786 31
11786 770
11792 718
11794 872
11794 884
11795 406
11795 634
11795 746
11796 378
11798 289
11798 357
11798 531
11798 849
11799 263
11864 91
11864 239
11864 741
11868 220
11868 791
11868 849