29007 113
29007 265
29009 358
29009 815
29009 839
29009 882
29010 217
29010 542
29011 391
29011 418
29011 596
29011 944
29012 195
29012 629
29012 643
29012 874
29012 936
29013 144
29013 261
29013 650
29014 401
29014 699
29014 721
29015 198
29015 781
29016 828
29017 365
29017 818
29018 408
29018 931
29019 128
29019 207
29019 444
29020 156
29020 564
29020 823
29021 9
29021 128
29021 571
29022 500
29023 174
29023 434
29023 482
29023 502
29024 697
29024 739
29025 124
29025 788
29025 957
29025 994
29026 143
29027 412
29027 906
29028 330
29028 376
29028 569
29028 847
29029 78
29029 339
29030 728
29032 917
29032 929
29033 20
29033 700
29034 773
29035 190
29035 513
29036 179
29036 217
29036 474
29036 835
29037 543
29037 885
29038 182
29038 421
29038 506
29039 918
29040 141
29040 672
29040 830
29041 589
29041 616
29041 654
29041 693
29041 865
29042 637
29043 20
29043 39
29043 130
29043 570
29043 971
29044 59
29044 311
29045 391
29045 674
29046 287
29046 349
29046 353
29046 610
29046 759
29046 854
29047 114
29047 216
29047 570
29047 883
29048 197
29048 323
29048 964
29049 561
29049 677
29050 393
29050 633
29051 869
29052 240
29052 288
29052 293
29052 402
29052 722
29053 300
29054 69
29054 97
29054 815
29054 959
29055 218
29055 632
29056 147
29056 965
29057 978
29058 132
29058 237
29058 994
29059 729
29060 196
29060 347
29060 490
29061 250
29062 95
29062 722
29063 924
29064 939
29065 390
29065 818
29066 472
29066 870
29067 148
29067 822
29068 291
29069 277
29069 378
29069 703
29070 743
29070 769
29070 838
29072 347
