15291 729
15329 74
15335 111
15344 681
15360 422
15387 47
15387 564
15406 364
15430 946
15495 673
15504 354
15576 259
15578 315
15610 137
15629 951
15633 366
15634 333
15654 793
15665 950
15716 11
15747 52
15765 443
15768 249
15771 234
15831 671
15837 495
15839 746
15870 753
15897 923
15949 112
15976 506
15978 496
16019 125
16042 871
16114 992
16116 49
16120 890
16142 192
16180 430
16182 21
16196 682
16203 680
16226 988
16240 37
16303 122
16310 626
16319 989
16341 965
16355 235
16357 159
16380 777
16385 35
16391 149
16398 276
16403 630
16431 869
16444 846
16453 479