955
956
957
958
959
960
961
962
962
963
964
965
966
967
968
969
970
971
972
973
974
975
976
977
978
979
980
981
982
983
984
985
986
987
988
989
990
991
992
993
994
995
996
997
998
1646
1647
1648
2206
2207
2650
2651
2652
2653
3869
3870
3871
3872
3873
3874
3875
3876
3877
5792
5793
6847
7530
7531
9147
9148
9149
9150
9151
9152
9153
9154
9155
12837
12838
13315
13316
16148
16149
16150
16151
16152
16153
16154
16155
16156
16157
16158
16159
16160
16161
16162
16163
16164
16165
16166
16167
16168
16169
16170
16171
16172
16173
16174