13320 376
13320 984
13321 271
13327 956
13328 492
13329 393
13329 649
13332 353
13332 420
13333 543
13339 11
13340 544
13343 963
13344 435
13359 407
13359 492
13359 734
13361 282
13369 237
13374 310
13386 151
13386 532
13387 444
13387 842
13389 897
13391 170
13392 104
13394 138
13397 692
13397 811
13401 146
13401 352
13401 479
13404 816
13405 690
13407 176
13424 914
13426 944
13428 41
13429 207
13436 451
13439 412
13444 110
13444 209
13447 831
13454 598
13463 130
13463 198
13465 718
13466 171
13467 261
13467 316
13468 316
13472 32
13472 55
13476 456
13476 552
13477 493
13478 793
13480 557
13482 736
13483 259
13487 286
13494 78
13495 525
13500 584
13505 204
13505 469
13505 899
13509 429
13510 825
13513 714
13513 792
13518 88
13524 646
13524 683
13528 262
13529 177
13530 336
13534 252
13534 888
13536 73
13539 827
13544 336
13547 250
13547 730
13551 789
13552 907
13556 508
13558 695
13560 713
13565 918
13575 663
13577 134
13581 49
13582 316
13584 162
13587 509
13593 345
13601 539
13603 128