17530 41
17548 46
17555 389
17570 741
17669 88
17820 811
17892 66
18056 326
18173 99
18178 592
18331 544
18336 578
18411 713
18478 570
18568 555
18633 477
18795 119
18798 949
18866 430
19011 39
19116 292
19188 417
19253 260
19408 55
19513 340
19572 753
19647 227
19835 458
19902 909
19947 677
20108 22
20128 760
20132 695
20143 868
20462 921
20658 849
20745 495
20810 568
20847 106
20864 814
20891 676
20904 937
20942 793
20969 134
21008 334
21136 730
21266 304
21274 520
21969 938
21974 660
21975 671
21979 907
21986 641
22000 246
22026 377
22032 41
22110 810
22128 978
22143 844
22181 115
22261 577
22338 485
22344 428
22377 182
22385 112
22488 470
22522 380
22580 12
22679 288
22679 483
22682 134
22722 413
22854 980
22868 979
22875 82
22898 552
22964 720
23031 987
23078 720
23128 449
23130 420
23130 521
23204 389
23210 36
23221 158
23232 241
23257 145
23358 517
23360 539
23361 588
23414 960
23415 666
23427 328
23527 30
23555 687
23662 285
23663 13
23698 656
23802 796
23907 679
24006 327
24086 806
24097 351
24121 938
24185 996
24251 614
24273 617
24298 714
24319 130
24322 472
24343 927
24492 540
24525 183
24672 552
24760 103
25296 348
25366 322
25499 279
25599 710
25613 324
25615 271
25716 232
25807 990
25856 369
25863 832
25895 546
25964 344
26064 219
26090 309
26109 28
26198 174
26403 923
26484 9
26514 614
26523 125
26673 482
26684 828
26702 383
26711 886
26715 900
26789 890